#Legendre Correlation Function of Z
#time	Pn(costheta_z)
0	1	1	1	1	1	1	1	1	1	1	1	1	1	1	1	1	1	1	1	1	1	1	1	1	1	1	1	1	1	1
1000	0.902941	0.905133	0.909781	0.913766	0.915903	0.915191	0.91346	0.91472	0.919558	0.933153	0.946466	0.949604	0.949206	0.950695	0.949846	0.950286	0.951127	0.949517	0.95027	0.948828	0.938516	0.926979	0.920681	0.919211	0.916571	0.911828	0.910676	0.911759	0.904731	0.903024
2000	0.880713	0.883673	0.892635	0.897431	0.900481	0.90155	0.897533	0.899321	0.906133	0.925657	0.946695	0.951458	0.951917	0.952929	0.952396	0.953286	0.953866	0.952568	0.951881	0.949806	0.934353	0.917656	0.908174	0.905652	0.90192	0.894115	0.892368	0.892648	0.883168	0.880675
3000	0.861927	0.867405	0.878429	0.884612	0.887696	0.889366	0.883984	0.887138	0.895897	0.92069	0.946098	0.950731	0.950959	0.951923	0.951672	0.951618	0.952381	0.951032	0.951216	0.949	0.930956	0.910721	0.899455	0.895489	0.889748	0.879365	0.877772	0.876966	0.865202	0.862408
4000	0.844728	0.851768	0.86493	0.872236	0.876423	0.87837	0.872132	0.875892	0.886999	0.916332	0.945766	0.951504	0.951534	0.95293	0.952267	0.952909	0.953647	0.952631	0.952121	0.949001	0.928669	0.905104	0.890206	0.886589	0.879193	0.865531	0.863656	0.863392	0.848785	0.845955
5000	0.829748	0.837133	0.853076	0.861608	0.865872	0.869116	0.861576	0.865019	0.877725	0.911934	0.945046	0.95133	0.951089	0.952735	0.952002	0.952281	0.952765	0.95186	0.95166	0.948923	0.926117	0.899555	0.883623	0.878236	0.869786	0.854635	0.851591	0.850841	0.832495	0.830993
6000	0.814405	0.823575	0.841043	0.851468	0.855969	0.860163	0.851567	0.855203	0.869902	0.908855	0.944551	0.95062	0.950958	0.95231	0.951866	0.952235	0.952582	0.951534	0.951231	0.948834	0.924164	0.894567	0.876569	0.869974	0.860638	0.843386	0.839478	0.839397	0.817585	0.815678
7000	0.799983	0.810375	0.830045	0.84224	0.846581	0.851731	0.843003	0.845683	0.862248	0.905418	0.944609	0.951191	0.951579	0.95279	0.951873	0.952705	0.952843	0.951725	0.951747	0.948897	0.922649	0.889968	0.870034	0.861675	0.852711	0.832738	0.828545	0.82808	0.803035	0.802109
8000	0.786825	0.797926	0.820039	0.83258	0.838023	0.844395	0.834092	0.837086	0.854901	0.902324	0.943847	0.950572	0.95155	0.952556	0.951849	0.951952	0.953045	0.951597	0.951369	0.948541	0.921199	0.886136	0.864324	0.85429	0.844445	0.822568	0.817483	0.815653	0.79129	0.788195
9000	0.774751	0.785429	0.80994	0.824063	0.828871	0.837477	0.825839	0.828583	0.847238	0.89884	0.943698	0.950769	0.951191	0.952535	0.951968	0.952417	0.952909	0.951802	0.951131	0.948393	0.919814	0.882146	0.858521	0.847809	0.835502	0.812642	0.807979	0.805425	0.779514	0.77459
10000	0.762415	0.77397	0.800121	0.814192	0.820886	0.830283	0.818645	0.821328	0.840206	0.895924	0.943229	0.950562	0.951231	0.95274	0.952038	0.951924	0.953078	0.951706	0.951825	0.947907	0.918825	0.877937	0.852986	0.840818	0.827708	0.80322	0.797381	0.795053	0.767416	0.762494
11000	0.750066	0.761852	0.790366	0.805972	0.812734	0.822577	0.810399	0.813852	0.834127	0.893207	0.943054	0.95087	0.95165	0.952688	0.951866	0.952389	0.952804	0.951823	0.951874	0.948328	0.917753	0.875165	0.846872	0.834066	0.820562	0.793192	0.787964	0.784357	0.756401	0.749569
12000	0.738777	0.749118	0.781468	0.797384	0.805139	0.81572	0.802956	0.805969	0.827445	0.889954	0.943095	0.950796	0.951384	0.952114	0.951919	0.951927	0.953212	0.951404	0.951597	0.948444	0.916989	0.872331	0.841125	0.827946	0.813445	0.784048	0.778406	0.774791	0.745393	0.738354
13000	0.726837	0.738324	0.772204	0.789606	0.797725	0.809075	0.794946	0.79849	0.820988	0.887071	0.942716	0.95085	0.951471	0.952666	0.952132	0.952734	0.952764	0.951899	0.951659	0.947979	0.916072	0.867858	0.83553	0.82091	0.806436	0.774999	0.769041	0.765265	0.73498	0.725261
14000	0.715116	0.727655	0.764245	0.781692	0.790258	0.802344	0.787557	0.792373	0.8156	0.884672	0.942372	0.950503	0.951543	0.952601	0.951694	0.952636	0.952949	0.951638	0.951656	0.947983	0.914949	0.865366	0.830003	0.814172	0.799273	0.76651	0.760413	0.756325	0.724084	0.714477
15000	0.705012	0.716969	0.755177	0.774414	0.782144	0.795676	0.780031	0.785751	0.809594	0.881842	0.942262	0.950686	0.951318	0.952364	0.951803	0.95228	0.95309	0.95191	0.951803	0.948108	0.914656	0.862055	0.824896	0.808355	0.792047	0.758219	0.752136	0.747695	0.715071	0.702832
16000	0.694526	0.706562	0.748086	0.766217	0.774708	0.789063	0.773394	0.779305	0.804109	0.879571	0.941927	0.951398	0.951411	0.952228	0.951663	0.952408	0.95315	0.952008	0.951746	0.948353	0.913004	0.859408	0.820646	0.801623	0.784468	0.749455	0.743658	0.739058	0.705055	0.691903
17000	0.683608	0.69674	0.740564	0.758081	0.767766	0.783409	0.766098	0.772423	0.799407	0.877315	0.942022	0.950602	0.951327	0.952703	0.951981	0.952211	0.952745	0.951799	0.951676	0.94785	0.912488	0.857089	0.815908	0.796104	0.778574	0.741382	0.735371	0.729811	0.695288	0.681592
18000	0.673496	0.68667	0.733246	0.750489	0.761942	0.776569	0.759998	0.766335	0.794233	0.874603	0.941391	0.950707	0.951424	0.952301	0.951916	0.95222	0.953079	0.951923	0.951417	0.947558	0.911707	0.85367	0.810834	0.789517	0.771797	0.733599	0.727377	0.721412	0.686392	0.671728
19000	0.662962	0.67595	0.725054	0.743445	0.753963	0.770895	0.753478	0.760013	0.78827	0.871675	0.941486	0.950817	0.951341	0.952667	0.951833	0.951906	0.952716	0.952026	0.951429	0.948053	0.909913	0.850563	0.806173	0.783489	0.765161	0.725592	0.718954	0.713156	0.676951	0.661626
20000	0.652981	0.667317	0.717359	0.737112	0.746783	0.765094	0.747277	0.752507	0.783561	0.869361	0.941207	0.950491	0.951677	0.952592	0.951928	0.952215	0.95303	0.951788	0.95163	0.947893	0.909488	0.848216	0.800993	0.777884	0.758928	0.717341	0.711648	0.70436	0.668086	0.65166
21000	0.643292	0.658553	0.709723	0.730822	0.740134	0.759406	0.740211	0.747546	0.778677	0.867767	0.940724	0.950219	0.951462	0.952612	0.952083	0.952347	0.952832	0.951923	0.951303	0.947978	0.908459	0.844924	0.796916	0.77293	0.752364	0.71027	0.703482	0.695873	0.658565	0.642448
22000	0.634526	0.64911	0.702163	0.72301	0.734922	0.752906	0.73451	0.742009	0.773463	0.865452	0.940338	0.950368	0.951343	0.952384	0.951818	0.95228	0.95301	0.952178	0.951988	0.9479	0.908185	0.841608	0.793017	0.767283	0.746363	0.703113	0.695879	0.687489	0.650707	0.633535
23000	0.625321	0.640467	0.695166	0.7164	0.72788	0.747041	0.728326	0.737008	0.768795	0.863395	0.940463	0.950455	0.951376	0.952364	0.951757	0.952338	0.952894	0.951847	0.951444	0.947953	0.90702	0.838708	0.789104	0.76247	0.740644	0.696641	0.687691	0.679536	0.642424	0.624608
24000	0.616518	0.631702	0.6878	0.709811	0.721419	0.741518	0.722074	0.73124	0.763843	0.861362	0.940056	0.950543	0.951579	0.952556	0.952058	0.952303	0.952768	0.951939	0.951437	0.947733	0.906856	0.83611	0.784673	0.757357	0.734877	0.690228	0.681079	0.67166	0.634445	0.615964
25000	0.607964	0.623149	0.681264	0.703748	0.715543	0.735841	0.716426	0.726013	0.759174	0.859111	0.93998	0.950558	0.951235	0.95253	0.951721	0.95221	0.953074	0.951766	0.951708	0.947905	0.905679	0.833272	0.780004	0.751817	0.728882	0.683132	0.674008	0.663466	0.625959	0.607321
26000	0.599619	0.614461	0.673139	0.698097	0.708843	0.730602	0.709785	0.721006	0.755166	0.856624	0.939702	0.95064	0.951427	0.952268	0.951812	0.952431	0.953157	0.951989	0.951499	0.947872	0.904637	0.831053	0.776271	0.746042	0.723437	0.676181	0.66648	0.656891	0.616911	0.598821
27000	0.591217	0.605855	0.66594	0.691117	0.702652	0.724772	0.704715	0.71544	0.750048	0.854515	0.939325	0.950315	0.950942	0.952209	0.951752	0.952489	0.952705	0.951874	0.951379	0.947328	0.903361	0.828305	0.77207	0.741119	0.717651	0.669281	0.659299	0.648978	0.608743	0.590111
28000	0.582344	0.597766	0.659699	0.684575	0.697083	0.718241	0.699235	0.70962	0.745547	0.852879	0.939695	0.950792	0.951404	0.952319	0.951927	0.952032	0.95279	0.951536	0.951042	0.947516	0.902558	0.825595	0.767865	0.736509	0.712212	0.662723	0.653043	0.641829	0.60081	0.582208
29000	0.573312	0.58972	0.652315	0.678638	0.690562	0.713472	0.693624	0.704568	0.740936	0.850691	0.939042	0.950348	0.951607	0.952157	0.951649	0.952346	0.953243	0.95151	0.95117	0.947789	0.901796	0.823063	0.763784	0.731989	0.706492	0.656094	0.645614	0.634586	0.592907	0.5744
30000	0.565294	0.581824	0.646096	0.672605	0.684668	0.70795	0.687653	0.699327	0.736624	0.848307	0.93901	0.950568	0.952024	0.952703	0.952138	0.952091	0.953081	0.9519	0.951576	0.947623	0.90101	0.820785	0.75965	0.726652	0.702169	0.650394	0.638131	0.627941	0.585151	0.565982
31000	0.557804	0.573109	0.639149	0.666535	0.678636	0.702698	0.681419	0.693946	0.732602	0.84639	0.938693	0.950602	0.951549	0.952417	0.951814	0.952463	0.952913	0.951864	0.951167	0.947422	0.899699	0.818176	0.755898	0.722807	0.696879	0.643403	0.63118	0.620169	0.578238	0.557903
32000	0.550362	0.565696	0.631397	0.661154	0.672236	0.697056	0.676543	0.688561	0.727722	0.843898	0.938662	0.950385	0.951372	0.952516	0.952333	0.95227	0.952972	0.951614	0.951693	0.947384	0.898652	0.814779	0.751543	0.718489	0.692362	0.637709	0.62452	0.612343	0.571372	0.550032
33000	0.543	0.558447	0.625862	0.655923	0.666759	0.691262	0.671412	0.683261	0.723434	0.842063	0.938779	0.95041	0.951257	0.952368	0.952012	0.952364	0.952991	0.951881	0.951721	0.947285	0.898579	0.812528	0.747523	0.714381	0.686614	0.631057	0.618048	0.605481	0.564321	0.541841
34000	0.536291	0.550966	0.620215	0.650202	0.661242	0.68626	0.665168	0.678135	0.719409	0.840641	0.938442	0.950708	0.951516	0.952632	0.952008	0.952405	0.952956	0.951947	0.951453	0.946979	0.897126	0.810612	0.743574	0.710198	0.682073	0.624648	0.610835	0.598633	0.557963	0.534268
35000	0.529618	0.543739	0.614916	0.643614	0.655706	0.6809	0.6608	0.672693	0.715291	0.838314	0.938102	0.950564	0.95133	0.952424	0.951712	0.95225	0.952748	0.952088	0.951294	0.947833	0.896311	0.807763	0.740312	0.706551	0.676768	0.619488	0.604216	0.591696	0.550727	0.526788
36000	0.522698	0.535533	0.608976	0.637434	0.650234	0.675367	0.656195	0.667459	0.711345	0.836414	0.938359	0.950315	0.951358	0.952549	0.951736	0.952452	0.953021	0.951589	0.951356	0.947211	0.895431	0.805887	0.737008	0.702423	0.67217	0.613505	0.598803	0.585465	0.544632	0.51908
37000	0.516181	0.529238	0.603056	0.631865	0.645514	0.669263	0.650344	0.662667	0.707549	0.834569	0.938166	0.950474	0.951229	0.952562	0.952043	0.952506	0.952625	0.951532	0.951577	0.947545	0.894454	0.803327	0.733738	0.698522	0.667482	0.60678	0.591088	0.579617	0.537115	0.511948
38000	0.509807	0.521577	0.597223	0.626357	0.640605	0.664623	0.645675	0.658231	0.702349	0.832298	0.937676	0.950513	0.951403	0.952557	0.951967	0.952402	0.953157	0.95181	0.951212	0.947675	0.89401	0.801112	0.730598	0.694641	0.662695	0.60087	0.585754	0.57306	0.531909	0.504892
39000	0.503187	0.515657	0.592135	0.620418	0.635695	0.659299	0.640603	0.654105	0.698522	0.830887	0.937631	0.950633	0.951324	0.952364	0.952126	0.951946	0.95288	0.951235	0.951393	0.947103	0.893747	0.798403	0.727252	0.689953	0.657724	0.594726	0.580794	0.567334	0.524425	0.497815
40000	0.497039	0.508561	0.587128	0.61525	0.630498	0.654709	0.63647	0.648227	0.693716	0.828995	0.937896	0.95049	0.951416	0.952199	0.952025	0.952604	0.952689	0.951896	0.95122	0.947123	0.893237	0.796056	0.724312	0.686753	0.652914	0.589882	0.574333	0.562006	0.516345	0.490348
41000	0.490839	0.502289	0.580889	0.610021	0.625154	0.649083	0.631917	0.64495	0.68996	0.826578	0.938003	0.950759	0.95128	0.95277	0.951764	0.952389	0.953306	0.951541	0.951415	0.947259	0.892043	0.793059	0.720971	0.682777	0.648237	0.584413	0.568241	0.557221	0.510372	0.484394
42000	0.485882	0.495028	0.576276	0.604189	0.620691	0.644658	0.627851	0.639755	0.685142	0.824861	0.937497	0.950371	0.951206	0.952653	0.951849	0.95231	0.952557	0.951778	0.951215	0.94717	0.891518	0.791519	0.71736	0.678907	0.643752	0.578074	0.562616	0.551673	0.503802	0.477964
43000	0.480308	0.488988	0.570096	0.599376	0.614972	0.639989	0.623505	0.635629	0.6809	0.822654	0.937221	0.950503	0.951566	0.952425	0.951728	0.951898	0.952719	0.951763	0.951167	0.947386	0.891261	0.789462	0.713454	0.67455	0.6389	0.572285	0.556948	0.545003	0.497563	0.472432
44000	0.474788	0.483088	0.565694	0.59494	0.610174	0.634804	0.618641	0.631349	0.676951	0.821338	0.936699	0.950408	0.951011	0.952358	0.952142	0.952261	0.953245	0.951655	0.951579	0.947182	0.890534	0.787086	0.709826	0.670894	0.634024	0.566998	0.550943	0.539227	0.490881	0.46576
45000	0.468884	0.47684	0.560481	0.590078	0.606465	0.6292	0.614171	0.627326	0.672538	0.819694	0.936851	0.950392	0.951655	0.952428	0.952117	0.951897	0.953427	0.951909	0.951431	0.947226	0.890059	0.784547	0.708021	0.668022	0.629014	0.561645	0.545395	0.533852	0.485528	0.459761
46000	0.463117	0.471481	0.555754	0.585516	0.602155	0.623888	0.609688	0.62261	0.669391	0.817683	0.936513	0.950094	0.9512	0.952485	0.952057	0.952589	0.952789	0.951905	0.951599	0.947319	0.889356	0.783092	0.704695	0.663942	0.624246	0.556214	0.539232	0.528075	0.479891	0.454879
47000	0.458122	0.465221	0.551245	0.580522	0.597603	0.619595	0.605588	0.617137	0.664795	0.815786	0.936343	0.950617	0.951324	0.952614	0.952093	0.952016	0.953219	0.951595	0.951284	0.946834	0.889195	0.781554	0.700439	0.660564	0.619557	0.550674	0.53324	0.524062	0.473658	0.449232
48000	0.4521	0.459402	0.546182	0.576181	0.592843	0.615704	0.600859	0.61253	0.661368	0.814013	0.936306	0.950213	0.951591	0.952415	0.951914	0.952568	0.953077	0.952054	0.951592	0.947261	0.888349	0.778984	0.698106	0.656715	0.616419	0.546351	0.527141	0.517733	0.468103	0.444034
49000	0.447264	0.452806	0.542635	0.571297	0.58921	0.610969	0.597252	0.608924	0.657533	0.812592	0.936196	0.950227	0.951113	0.952263	0.952064	0.952192	0.952857	0.951646	0.951617	0.947233	0.888	0.77683	0.695359	0.653116	0.611047	0.541384	0.521813	0.512508	0.46284	0.438786
50000	0.442185	0.447499	0.537538	0.567282	0.584067	0.606268	0.592873	0.605229	0.653354	0.810451	0.935973	0.950604	0.951273	0.952357	0.952195	0.952768	0.952657	0.951764	0.951263	0.947117	0.887514	0.775528	0.690994	0.649752	0.606511	0.536253	0.516771	0.507472	0.457808	0.433167
51000	0.437859	0.441785	0.532601	0.561965	0.580014	0.601936	0.589709	0.600227	0.649359	0.809295	0.935689	0.949909	0.950972	0.952235	0.951769	0.952126	0.953254	0.952021	0.951565	0.947248	0.886481	0.772871	0.689033	0.647132	0.603066	0.531959	0.511233	0.502594	0.452408	0.428337
52000	0.432802	0.434864	0.527974	0.557598	0.576812	0.597683	0.586181	0.596394	0.645737	0.807031	0.935513	0.950379	0.951808	0.952714	0.952136	0.95243	0.952962	0.952264	0.951597	0.947079	0.886014	0.771331	0.68602	0.64303	0.598474	0.52576	0.505736	0.49712	0.448671	0.423226
53000	0.428609	0.429674	0.522767	0.553454	0.571971	0.593796	0.582362	0.591461	0.642054	0.805718	0.935524	0.949988	0.951427	0.952495	0.951767	0.952322	0.953147	0.951864	0.951207	0.947297	0.885567	0.769053	0.682665	0.639674	0.593959	0.521348	0.500704	0.492125	0.442419	0.418405
54000	0.422413	0.42478	0.519168	0.548244	0.568402	0.58944	0.579062	0.587721	0.638607	0.803515	0.935319	0.950179	0.951506	0.952431	0.951961	0.952118	0.952994	0.951804	0.951591	0.947111	0.884496	0.767674	0.679631	0.636501	0.589756	0.516242	0.49513	0.486814	0.437598	0.413953
55000	0.418061	0.418707	0.514212	0.544903	0.563254	0.585152	0.575357	0.583916	0.635436	0.801654	0.935539	0.950302	0.951337	0.952405	0.951578	0.952095	0.953008	0.951542	0.951457	0.947429	0.883315	0.765414	0.676546	0.633245	0.585349	0.510857	0.489295	0.482048	0.432383	0.409621
56000	0.413718	0.413135	0.509744	0.539493	0.559429	0.580361	0.571493	0.579704	0.630742	0.80018	0.935043	0.950305	0.951331	0.952587	0.952249	0.952206	0.952927	0.951937	0.951573	0.946977	0.88315	0.76405	0.673147	0.628871	0.581096	0.50693	0.484185	0.477616	0.4272	0.404873
57000	0.409062	0.408234	0.505631	0.534964	0.55553	0.576333	0.566993	0.576055	0.627978	0.798966	0.935667	0.950438	0.951589	0.952508	0.952162	0.95241	0.952826	0.951884	0.951397	0.94722	0.882552	0.761875	0.669886	0.625355	0.576957	0.501854	0.478898	0.472502	0.422177	0.400777
58000	0.404471	0.403452	0.500863	0.530009	0.551817	0.571647	0.563176	0.572268	0.624433	0.797184	0.935048	0.950434	0.951221	0.952107	0.952272	0.952395	0.95265	0.951611	0.951064	0.947089	0.882435	0.76004	0.666907	0.623139	0.572886	0.497295	0.473778	0.467684	0.416939	0.39697
59000	0.400031	0.397863	0.496372	0.525632	0.54804	0.567265	0.560078	0.567043	0.621155	0.795754	0.93496	0.950369	0.951748	0.95258	0.951787	0.95238	0.953203	0.951552	0.951585	0.946717	0.881028	0.757293	0.664422	0.619769	0.568311	0.491681	0.470041	0.463323	0.411972	0.392015
60000	0.394603	0.392405	0.49227	0.521736	0.543998	0.563321	0.556374	0.562235	0.617539	0.794532	0.935167	0.950486	0.951352	0.952224	0.951763	0.952296	0.952758	0.952013	0.951727	0.946761	0.880415	0.756299	0.660899	0.617429	0.56387	0.487523	0.464612	0.458106	0.407214	0.388161
61000	0.389851	0.38723	0.487599	0.517088	0.540671	0.558944	0.552678	0.558475	0.61448	0.792413	0.934995	0.950331	0.951317	0.952536	0.951814	0.952285	0.952859	0.951685	0.951781	0.946767	0.879649	0.754552	0.658532	0.614454	0.559781	0.481944	0.45913	0.453691	0.402741	0.383874
62000	0.3852	0.382851	0.483629	0.512723	0.536395	0.555705	0.548024	0.553677	0.611493	0.790685	0.934658	0.950201	0.951514	0.95245	0.951939	0.952294	0.953247	0.952027	0.950962	0.946832	0.878646	0.752867	0.655774	0.610628	0.556249	0.477612	0.454604	0.449456	0.398293	0.379914
63000	0.380131	0.378186	0.478538	0.508881	0.532998	0.551104	0.545154	0.54973	0.608258	0.789126	0.934574	0.949906	0.951111	0.95255	0.952071	0.952335	0.952723	0.951587	0.951522	0.946959	0.878448	0.751031	0.652821	0.607237	0.551744	0.473291	0.450327	0.444959	0.394691	0.374878
64000	0.376015	0.373622	0.474584	0.504297	0.528981	0.547473	0.54142	0.54562	0.604748	0.787607	0.934397	0.949918	0.951264	0.952515	0.951725	0.95245	0.953314	0.951942	0.951616	0.94656	0.877643	0.748192	0.650392	0.604427	0.547829	0.46937	0.445336	0.440336	0.390821	0.370422
65000	0.371891	0.36935	0.470158	0.500741	0.525902	0.543111	0.537576	0.541718	0.602004	0.786044	0.934268	0.950569	0.95115	0.952228	0.951953	0.952284	0.952982	0.951989	0.951552	0.946847	0.877567	0.746147	0.647858	0.600784	0.54443	0.463891	0.440329	0.436174	0.386691	0.366371
66000	0.366767	0.364789	0.465534	0.496475	0.522638	0.539315	0.533052	0.537672	0.597277	0.783847	0.934556	0.950332	0.951155	0.952395	0.952022	0.952589	0.952952	0.951847	0.951304	0.946766	0.876409	0.744769	0.644959	0.596499	0.540693	0.459282	0.435848	0.432212	0.381684	0.363329
67000	0.361951	0.36	0.461755	0.491714	0.518927	0.535571	0.529782	0.53318	0.59501	0.78265	0.934194	0.950508	0.951631	0.952183	0.951898	0.952003	0.953163	0.951892	0.951471	0.946545	0.876091	0.742638	0.641611	0.59314	0.536272	0.455196	0.430969	0.427499	0.378149	0.360826
68000	0.357457	0.355061	0.458135	0.487165	0.515216	0.531934	0.525758	0.529197	0.591002	0.781246	0.933789	0.950144	0.951432	0.952545	0.951499	0.952178	0.95307	0.951913	0.951338	0.946658	0.875558	0.740393	0.639501	0.589767	0.532467	0.451038	0.426829	0.424105	0.373046	0.356037
69000	0.354205	0.350816	0.454175	0.483419	0.511836	0.527377	0.522358	0.525566	0.587909	0.779715	0.933513	0.949892	0.95123	0.952414	0.951707	0.952136	0.952906	0.951846	0.951437	0.946853	0.875107	0.739636	0.635962	0.586491	0.528805	0.446888	0.422945	0.41869	0.369297	0.352565
70000	0.350494	0.346592	0.449879	0.479555	0.507533	0.524534	0.518479	0.522262	0.584079	0.778246	0.933943	0.949918	0.951287	0.95252	0.951936	0.952082	0.95324	0.95178	0.951258	0.946709	0.873842	0.737324	0.633345	0.583916	0.524221	0.442796	0.418227	0.414929	0.36398	0.348492
71000	0.347511	0.342692	0.444586	0.475853	0.504262	0.520509	0.515047	0.518777	0.581197	0.776215	0.93372	0.950016	0.951118	0.952121	0.951906	0.952389	0.952727	0.951769	0.951315	0.946638	0.873565	0.735913	0.630565	0.580007	0.520074	0.438442	0.413462	0.411284	0.360707	0.344158
72000	0.342503	0.3381	0.441772	0.47132	0.500775	0.517274	0.510628	0.515033	0.578217	0.774973	0.933713	0.950618	0.951471	0.952373	0.952039	0.952118	0.953264	0.95204	0.951211	0.946533	0.873082	0.734322	0.628394	0.576192	0.516658	0.434264	0.409029	0.407158	0.355886	0.340547
73000	0.338955	0.333967	0.43673	0.467858	0.497001	0.51358	0.506743	0.511017	0.575049	0.7741	0.933167	0.95008	0.951211	0.952445	0.951992	0.952516	0.952903	0.951871	0.951452	0.946414	0.872614	0.7327	0.624704	0.573433	0.512693	0.430171	0.405458	0.402334	0.351476	0.336942
74000	0.335815	0.329379	0.433238	0.464473	0.493007	0.511466	0.503361	0.507218	0.570941	0.772486	0.932942	0.950171	0.951283	0.952628	0.951485	0.952062	0.952743	0.951939	0.951414	0.946519	0.871293	0.730675	0.623152	0.570922	0.509487	0.426057	0.400429	0.398882	0.347184	0.333139
75000	0.331756	0.325266	0.429495	0.460204	0.490117	0.506481	0.499961	0.503328	0.567709	0.771182	0.933203	0.950099	0.951374	0.951994	0.952102	0.952332	0.952897	0.951701	0.951117	0.946654	0.870501	0.728675	0.620136	0.568179	0.504773	0.422406	0.395933	0.395283	0.343135	0.330195
76000	0.328047	0.320478	0.425371	0.457015	0.486991	0.503072	0.495678	0.499611	0.564394	0.769259	0.93274	0.950131	0.951184	0.952547	0.951758	0.952156	0.953133	0.952083	0.951963	0.946294	0.870532	0.726905	0.617583	0.565026	0.501188	0.418771	0.3922	0.390345	0.338675	0.327776
77000	0.323586	0.316318	0.421562	0.452758	0.483153	0.49965	0.492729	0.495957	0.561569	0.767905	0.932489	0.950074	0.951248	0.952494	0.951894	0.952222	0.952712	0.951761	0.951006	0.946863	0.869365	0.725045	0.615247	0.561641	0.497419	0.415805	0.386657	0.38802	0.334762	0.324919
78000	0.320633	0.311599	0.41731	0.450924	0.479299	0.496276	0.489367	0.491739	0.558075	0.766472	0.932033	0.950223	0.951314	0.952283	0.952026	0.952441	0.953058	0.951756	0.951663	0.946499	0.869035	0.723332	0.612541	0.558617	0.493866	0.411884	0.383066	0.383485	0.331785	0.321643
79000	0.316764	0.307728	0.412891	0.447916	0.475359	0.493146	0.485391	0.487981	0.555576	0.765427	0.932028	0.950011	0.951506	0.952391	0.951815	0.952737	0.952906	0.951832	0.951115	0.946306	0.868479	0.721586	0.60966	0.555519	0.489842	0.408802	0.37834	0.380132	0.328312	0.317587
80000	0.312113	0.303656	0.409269	0.443602	0.471695	0.489134	0.481315	0.485073	0.552262	0.764017	0.931483	0.949904	0.951535	0.952598	0.951768	0.952202	0.953082	0.95173	0.951219	0.947066	0.867488	0.71951	0.607236	0.552644	0.485272	0.405142	0.373648	0.375871	0.325395	0.315674
81000	0.308897	0.2991	0.405457	0.439951	0.467413	0.485164	0.478422	0.481395	0.548787	0.762572	0.93182	0.949978	0.95123	0.952483	0.951903	0.952433	0.953058	0.951822	0.951164	0.946791	0.86702	0.717559	0.605248	0.549377	0.481673	0.402208	0.369021	0.372545	0.320548	0.312056
82000	0.304559	0.295311	0.401697	0.435742	0.464266	0.48211	0.474245	0.478587	0.545918	0.76119	0.931306	0.949994	0.95116	0.952532	0.951887	0.95203	0.952654	0.951597	0.951335	0.946395	0.866281	0.716286	0.602832	0.546692	0.477502	0.398648	0.365499	0.36824	0.318138	0.309137
83000	0.301115	0.29235	0.397204	0.433227	0.460522	0.47935	0.470096	0.475416	0.542317	0.760008	0.931387	0.950629	0.951212	0.952561	0.952151	0.952346	0.952917	0.951656	0.951271	0.946188	0.866279	0.714534	0.600315	0.543371	0.473658	0.395256	0.361591	0.365255	0.312654	0.305698
84000	0.297399	0.288343	0.393653	0.429525	0.457954	0.474609	0.466788	0.472565	0.538972	0.75835	0.930968	0.950301	0.951352	0.952406	0.952229	0.952144	0.952939	0.951762	0.951605	0.946459	0.865931	0.711973	0.597741	0.539035	0.470972	0.391942	0.357316	0.361505	0.308769	0.303579
85000	0.294575	0.284227	0.389782	0.426999	0.453782	0.471315	0.463969	0.469307	0.535533	0.757005	0.930769	0.950162	0.951352	0.952399	0.952144	0.952144	0.953004	0.951593	0.951091	0.946516	0.864873	0.710249	0.595137	0.536284	0.466005	0.389197	0.353328	0.358502	0.304864	0.300956
86000	0.291749	0.280331	0.385846	0.422829	0.451743	0.468551	0.459301	0.466395	0.531942	0.756036	0.930775	0.949898	0.951473	0.952545	0.951621	0.952434	0.953097	0.952055	0.951387	0.946703	0.86361	0.707947	0.592198	0.533279	0.46247	0.386259	0.349752	0.35523	0.3003	0.29705
87000	0.288566	0.276055	0.382859	0.418854	0.448694	0.465284	0.456625	0.462764	0.527846	0.754895	0.930926	0.950397	0.951405	0.952754	0.951907	0.952362	0.952645	0.951566	0.951326	0.946355	0.863569	0.706423	0.589573	0.530235	0.45767	0.383202	0.345888	0.351413	0.296775	0.2946
88000	0.28595	0.27166	0.379431	0.41507	0.445818	0.46149	0.453485	0.459711	0.524659	0.753142	0.930574	0.950115	0.950775	0.952509	0.951733	0.952298	0.952796	0.951711	0.951605	0.946372	0.863055	0.704477	0.586632	0.528067	0.454177	0.379617	0.342346	0.348259	0.29313	0.291331
89000	0.28121	0.269478	0.375136	0.411682	0.442496	0.458283	0.450118	0.456705	0.521783	0.751281	0.930078	0.95012	0.951238	0.952693	0.952506	0.952249	0.952998	0.951779	0.951402	0.946526	0.862236	0.703719	0.58421	0.524512	0.44993	0.377042	0.337963	0.344436	0.290052	0.28797
90000	0.277537	0.264847	0.370863	0.409079	0.439677	0.455132	0.44742	0.453149	0.518701	0.749971	0.929739	0.950208	0.951486	0.952381	0.951947	0.952381	0.95278	0.95207	0.951222	0.946419	0.861972	0.702175	0.581618	0.522044	0.446602	0.373619	0.334378	0.341708	0.28757	0.284947
91000	0.273799	0.261571	0.367724	0.405617	0.43617	0.451831	0.443816	0.450764	0.515023	0.748478	0.92947	0.950048	0.951387	0.9524	0.951895	0.952355	0.952523	0.951549	0.950619	0.946447	0.861613	0.700269	0.57864	0.519201	0.44326	0.370785	0.331286	0.33891	0.284301	0.282655
92000	0.271053	0.258365	0.363353	0.402537	0.432779	0.448179	0.440548	0.446959	0.512149	0.747037	0.929787	0.949787	0.951232	0.952599	0.951904	0.951988	0.952844	0.952222	0.951131	0.946472	0.860437	0.699237	0.575343	0.516279	0.439332	0.368285	0.328168	0.33513	0.281526	0.279502
93000	0.269049	0.254509	0.360496	0.399352	0.429369	0.445037	0.437054	0.444784	0.508454	0.745457	0.929609	0.950362	0.951308	0.95271	0.952444	0.95287	0.953405	0.951767	0.95139	0.946047	0.859778	0.697042	0.572918	0.513694	0.436369	0.365365	0.324251	0.332858	0.277759	0.276752
94000	0.265088	0.251802	0.355906	0.396587	0.42636	0.442106	0.433126	0.442725	0.505582	0.744021	0.929122	0.950341	0.950938	0.95282	0.951754	0.95197	0.952797	0.951819	0.951037	0.946585	0.8595	0.695146	0.570666	0.51102	0.432682	0.362031	0.321558	0.32967	0.275003	0.273472
95000	0.261282	0.248837	0.352506	0.393381	0.423705	0.438665	0.430079	0.439971	0.502162	0.742461	0.929276	0.950282	0.95116	0.952729	0.951864	0.952324	0.952926	0.951799	0.95129	0.946167	0.859424	0.693856	0.568497	0.507294	0.428852	0.359064	0.318726	0.325931	0.271383	0.27039
96000	0.258096	0.245763	0.349244	0.389905	0.420428	0.435264	0.427783	0.437415	0.498656	0.740908	0.929151	0.950266	0.951339	0.952787	0.952077	0.952294	0.952659	0.951462	0.951148	0.9464	0.85846	0.692063	0.566043	0.504062	0.425789	0.355436	0.314453	0.323624	0.26867	0.267738
97000	0.255153	0.242533	0.344717	0.387521	0.416509	0.432049	0.42386	0.434876	0.495142	0.739876	0.928568	0.950061	0.951462	0.952298	0.951929	0.952729	0.953292	0.95197	0.951518	0.946379	0.858278	0.690294	0.564118	0.501406	0.421956	0.352891	0.311782	0.319607	0.266151	0.265417
98000	0.252292	0.239791	0.342466	0.384055	0.414352	0.429061	0.421493	0.432121	0.492269	0.738199	0.928536	0.949793	0.950927	0.952587	0.952024	0.952432	0.952937	0.951853	0.951023	0.946178	0.858002	0.689629	0.560944	0.498972	0.418848	0.3498	0.307904	0.315982	0.263659	0.26235
99000	0.249586	0.237455	0.33959	0.38091	0.41158	0.42634	0.419	0.429081	0.489345	0.736344	0.928404	0.950099	0.951506	0.952243	0.952055	0.952125	0.952829	0.951933	0.951521	0.946469	0.858004	0.687225	0.559472	0.496145	0.415195	0.347189	0.304491	0.312776	0.260241	0.259153
100000	0.246471	0.233787	0.336929	0.377219	0.409543	0.42339	0.41561	0.427382	0.485419	0.735264	0.928169	0.950078	0.951024	0.952782	0.951978	0.952151	0.952445	0.951602	0.95145	0.94617	0.856772	0.686086	0.556674	0.493813	0.412075	0.343883	0.300609	0.309842	0.258642	0.256663
101000	0.243531	0.231312	0.333267	0.374922	0.405655	0.420716	0.413358	0.423485	0.483103	0.733432	0.927742	0.950416	0.951469	0.952314	0.952229	0.952399	0.952972	0.952178	0.951404	0.946278	0.856157	0.684818	0.554019	0.491573	0.409142	0.340436	0.298581	0.306779	0.255196	0.253203
102000	0.240159	0.228394	0.329778	0.371187	0.403177	0.41694	0.409982	0.421588	0.479444	0.732043	0.928121	0.950343	0.951565	0.952516	0.952042	0.952264	0.952795	0.951642	0.95142	0.946161	0.856321	0.682501	0.552416	0.488734	0.406176	0.33832	0.294948	0.304072	0.253267	0.250331
103000	0.238537	0.223552	0.326918	0.368306	0.400011	0.415055	0.407729	0.418891	0.476618	0.73058	0.927418	0.949811	0.951256	0.952714	0.951794	0.952377	0.952869	0.952222	0.951021	0.946281	0.855558	0.681553	0.550026	0.485436	0.403096	0.334541	0.292161	0.300627	0.250957	0.246848
104000	0.235651	0.220547	0.324887	0.365323	0.397213	0.412512	0.404492	0.416385	0.473236	0.729036	0.927497	0.9501	0.951433	0.952427	0.952377	0.952242	0.952967	0.952008	0.951431	0.946027	0.854811	0.680427	0.54744	0.482886	0.399682	0.331018	0.289127	0.29859	0.247693	0.2452
105000	0.233061	0.217636	0.322293	0.362708	0.394529	0.409749	0.401404	0.413063	0.470357	0.72775	0.92732	0.950178	0.951216	0.95281	0.951838	0.951852	0.95283	0.951779	0.951602	0.946117	0.854083	0.678531	0.544948	0.48002	0.396247	0.328822	0.285774	0.295877	0.245295	0.242303
106000	0.230085	0.21446	0.318738	0.359401	0.392098	0.406461	0.397981	0.411349	0.467771	0.726276	0.927121	0.950475	0.951462	0.952519	0.951993	0.95243	0.952595	0.952351	0.951425	0.946409	0.853726	0.67758	0.543012	0.476442	0.393827	0.324831	0.281857	0.293086	0.242282	0.240495
107000	0.227405	0.211549	0.315082	0.356334	0.389106	0.404001	0.395247	0.408794	0.466151	0.724948	0.926727	0.94949	0.951318	0.952786	0.952207	0.95221	0.953143	0.951755	0.951153	0.946284	0.853668	0.674736	0.54024	0.473428	0.391269	0.322484	0.279464	0.289697	0.240724	0.238243
108000	0.225794	0.20841	0.311646	0.354248	0.386267	0.402152	0.392273	0.406252	0.463025	0.723147	0.927237	0.950292	0.951098	0.9523	0.951945	0.952357	0.9526	0.952152	0.951521	0.945899	0.852629	0.673352	0.538468	0.471424	0.38776	0.319238	0.277018	0.288047	0.238341	0.237145
109000	0.224177	0.205051	0.308444	0.350734	0.384753	0.399606	0.388508	0.402996	0.460664	0.72177	0.926654	0.950074	0.95115	0.952656	0.951911	0.952198	0.952926	0.951837	0.951656	0.945853	0.852212	0.672687	0.535735	0.469413	0.383976	0.316104	0.273957	0.285365	0.235876	0.23468
110000	0.221632	0.201659	0.305027	0.348696	0.381668	0.396013	0.386408	0.400996	0.457382	0.7205	0.926399	0.950051	0.951447	0.95264	0.9527	0.952271	0.953147	0.951809	0.950992	0.946153	0.851981	0.671635	0.533222	0.466919	0.380088	0.312867	0.271169	0.282882	0.232826	0.232079
111000	0.219267	0.199392	0.301428	0.346241	0.378801	0.393191	0.383825	0.398044	0.454591	0.718823	0.926399	0.950281	0.951276	0.952361	0.951955	0.952045	0.9532	0.951828	0.951219	0.945751	0.850688	0.669549	0.530572	0.463805	0.378222	0.309992	0.267504	0.280466	0.229911	0.229559
112000	0.217358	0.195977	0.297261	0.344001	0.377259	0.390257	0.38173	0.395142	0.452312	0.718124	0.926101	0.949867	0.951214	0.952175	0.951907	0.952304	0.952792	0.95246	0.95128	0.946376	0.850448	0.668682	0.528492	0.460467	0.375531	0.307726	0.263912	0.277152	0.227997	0.227223
113000	0.21483	0.193464	0.294428	0.340489	0.375236	0.387656	0.377941	0.393571	0.449576	0.716041	0.926296	0.950437	0.95156	0.952231	0.952074	0.952418	0.953112	0.951739	0.951539	0.946318	0.849396	0.666957	0.526735	0.458197	0.371991	0.303527	0.261169	0.273502	0.226123	0.224938
114000	0.212574	0.190947	0.291597	0.338543	0.372378	0.385819	0.374943	0.390953	0.446168	0.714834	0.925989	0.949705	0.951373	0.952682	0.951683	0.952724	0.952647	0.9517	0.951744	0.946035	0.84936	0.665082	0.524304	0.455951	0.368975	0.300537	0.258159	0.271696	0.223403	0.22361
115000	0.211115	0.187802	0.288506	0.335609	0.369748	0.382939	0.371976	0.388595	0.44402	0.71297	0.926132	0.949894	0.951321	0.952483	0.951819	0.952009	0.952553	0.951747	0.95102	0.946332	0.84841	0.663181	0.521334	0.454241	0.365882	0.29671	0.255656	0.269486	0.221652	0.221033
116000	0.207691	0.186215	0.285133	0.332871	0.367053	0.379953	0.368904	0.386427	0.440578	0.711646	0.925864	0.950356	0.950849	0.952516	0.952074	0.952298	0.953068	0.952016	0.951405	0.945989	0.847652	0.662373	0.51953	0.450417	0.36375	0.291921	0.254923	0.265956	0.220089	0.219052
117000	0.205606	0.183096	0.281901	0.33165	0.365779	0.377294	0.365893	0.38416	0.438734	0.710123	0.925737	0.950069	0.951535	0.952526	0.951584	0.952685	0.953092	0.952076	0.951105	0.946501	0.847471	0.660173	0.517322	0.447882	0.359847	0.289485	0.251457	0.264605	0.217914	0.217629
118000	0.202756	0.179818	0.278547	0.329737	0.36396	0.374788	0.363302	0.381046	0.43623	0.709202	0.925414	0.950293	0.950909	0.952394	0.95182	0.951856	0.9528	0.951603	0.951167	0.945967	0.84638	0.659228	0.514936	0.445301	0.357294	0.285788	0.248942	0.261965	0.214496	0.217042
119000	0.199895	0.177388	0.27521	0.326952	0.361326	0.372509	0.36046	0.378532	0.434241	0.707539	0.9255	0.950345	0.951309	0.95236	0.951676	0.952483	0.953058	0.951856	0.9516	0.946519	0.84651	0.657327	0.513526	0.442491	0.354749	0.282472	0.247224	0.260044	0.212302	0.214527
120000	0.196689	0.175697	0.271658	0.324301	0.359388	0.370192	0.357209	0.37665	0.432337	0.70636	0.925176	0.949983	0.951085	0.95298	0.952231	0.952608	0.952831	0.951877	0.951466	0.94618	0.845389	0.655981	0.511627	0.439983	0.352144	0.279546	0.244546	0.257557	0.210815	0.212554
121000	0.195136	0.173624	0.267808	0.322286	0.357551	0.366799	0.353678	0.375075	0.430451	0.704397	0.925061	0.949796	0.951244	0.952909	0.95201	0.952531	0.953125	0.952304	0.951492	0.946183	0.845013	0.654357	0.509687	0.436664	0.350273	0.275167	0.242966	0.254503	0.209646	0.209977
122000	0.192575	0.170891	0.264673	0.319722	0.355433	0.364789	0.351068	0.371705	0.4279	0.702766	0.924849	0.949851	0.951855	0.952542	0.951789	0.951908	0.953049	0.951896	0.950805	0.946193	0.844567	0.652522	0.508522	0.434139	0.34723	0.272484	0.240366	0.252634	0.206328	0.208924
123000	0.191762	0.168913	0.26207	0.317733	0.352519	0.361704	0.347737	0.369713	0.425877	0.701089	0.924675	0.949886	0.951347	0.952749	0.951973	0.952804	0.953082	0.951982	0.951235	0.945929	0.844658	0.65099	0.506168	0.431509	0.344545	0.269124	0.237505	0.251386	0.204728	0.206176
124000	0.189757	0.166434	0.258155	0.315528	0.350421	0.360281	0.344901	0.366786	0.424911	0.700249	0.924532	0.950078	0.951266	0.952717	0.952404	0.952601	0.952961	0.951941	0.950989	0.946096	0.84406	0.649388	0.502807	0.429168	0.342416	0.265603	0.235903	0.249463	0.202451	0.204267
125000	0.187996	0.163372	0.254945	0.313604	0.348113	0.357765	0.341065	0.364865	0.422127	0.69913	0.924324	0.950095	0.951067	0.952536	0.951624	0.952542	0.952988	0.951892	0.951327	0.946086	0.843001	0.647718	0.501316	0.426083	0.339552	0.262915	0.233672	0.246605	0.199849	0.202872
126000	0.186991	0.161284	0.252199	0.31076	0.345714	0.356431	0.338036	0.361529	0.420184	0.69815	0.924209	0.950481	0.951097	0.952767	0.951861	0.95226	0.952963	0.952093	0.951332	0.946585	0.842943	0.645686	0.49962	0.423263	0.337843	0.259035	0.231002	0.245368	0.197881	0.200425
127000	0.185054	0.159106	0.249232	0.309121	0.342833	0.354743	0.334798	0.359157	0.418432	0.696618	0.923779	0.949742	0.95139	0.952451	0.952115	0.95254	0.953119	0.951936	0.95077	0.945769	0.842329	0.64372	0.49801	0.420806	0.335411	0.257101	0.228905	0.242579	0.196498	0.198565
128000	0.182045	0.157273	0.245995	0.307195	0.340923	0.352443	0.332037	0.356519	0.415948	0.694861	0.92425	0.949961	0.951426	0.952581	0.952285	0.952094	0.952903	0.952094	0.951246	0.94607	0.841766	0.642625	0.496112	0.418305	0.333604	0.254383	0.226496	0.241122	0.194343	0.196982
129000	0.180409	0.155333	0.242498	0.306093	0.33807	0.350149	0.33026	0.353959	0.41389	0.693954	0.923844	0.94947	0.950861	0.952457	0.951788	0.952196	0.953081	0.95176	0.951238	0.946247	0.841086	0.641882	0.493465	0.415747	0.330912	0.250901	0.224443	0.238759	0.192985	0.19434
130000	0.17815	0.15489	0.239473	0.303598	0.336182	0.347638	0.327293	0.351924	0.411372	0.692807	0.923862	0.949758	0.951494	0.952594	0.951997	0.952624	0.95275	0.951928	0.951335	0.945867	0.840527	0.640274	0.491127	0.41382	0.328131	0.24744	0.222305	0.236079	0.190909	0.192746
131000	0.176077	0.152157	0.236453	0.301673	0.334077	0.346317	0.324319	0.349321	0.409749	0.690832	0.923695	0.949903	0.951324	0.952542	0.951904	0.952157	0.952897	0.951814	0.951195	0.946077	0.840073	0.638093	0.490271	0.412115	0.325816	0.244828	0.219642	0.234418	0.18884	0.191366
132000	0.174001	0.15069	0.234041	0.299448	0.331407	0.34358	0.321545	0.346882	0.4078	0.689369	0.923401	0.950115	0.951149	0.952724	0.95208	0.952333	0.95293	0.951684	0.951315	0.946105	0.839347	0.63715	0.487823	0.410363	0.322665	0.24209	0.218182	0.233597	0.186471	0.188881
133000	0.173065	0.148752	0.230793	0.297137	0.328941	0.342628	0.318579	0.344563	0.406311	0.688083	0.923822	0.949957	0.951238	0.952574	0.951961	0.952161	0.953026	0.952124	0.951322	0.946251	0.838871	0.635472	0.48605	0.408262	0.320314	0.238573	0.215583	0.232058	0.184572	0.186791
134000	0.171146	0.148111	0.226914	0.295112	0.327156	0.341017	0.315592	0.342742	0.403984	0.687382	0.923158	0.949841	0.951256	0.952748	0.951825	0.952294	0.952789	0.9521	0.951072	0.94598	0.838371	0.634351	0.484582	0.406195	0.317812	0.235556	0.214396	0.230401	0.182794	0.184592
135000	0.168771	0.145834	0.22455	0.292776	0.325041	0.338676	0.313851	0.340308	0.402689	0.686115	0.923316	0.949563	0.951198	0.952366	0.952084	0.952297	0.952814	0.951697	0.951058	0.946203	0.837969	0.633179	0.483128	0.404362	0.315204	0.233186	0.211582	0.228395	0.182358	0.182256
136000	0.167715	0.144908	0.22067	0.291687	0.322222	0.337367	0.310121	0.338764	0.400717	0.684915	0.922807	0.949704	0.951422	0.952313	0.951455	0.951936	0.952944	0.951945	0.950617	0.94577	0.837432	0.631108	0.48175	0.401758	0.312243	0.230241	0.209902	0.226045	0.180529	0.179983
137000	0.166378	0.142199	0.219037	0.288819	0.320702	0.334839	0.307359	0.336391	0.399837	0.683754	0.9227	0.950139	0.951656	0.952426	0.951862	0.95211	0.953342	0.951817	0.950954	0.946153	0.836734	0.629414	0.47969	0.399777	0.310953	0.226493	0.209384	0.224466	0.178757	0.177255
138000	0.164662	0.141202	0.215547	0.287231	0.318619	0.333161	0.305045	0.334936	0.398039	0.681562	0.922787	0.949783	0.951191	0.952669	0.951979	0.952159	0.952594	0.952385	0.951208	0.946116	0.836368	0.628162	0.477623	0.398017	0.308329	0.224307	0.207246	0.223337	0.176434	0.175777
139000	0.162762	0.139375	0.213027	0.28525	0.316103	0.331306	0.30194	0.333152	0.396192	0.680144	0.922103	0.949709	0.951101	0.952493	0.95206	0.952799	0.953048	0.951965	0.95125	0.946074	0.835425	0.626426	0.476186	0.395604	0.305821	0.223424	0.20472	0.221912	0.174141	0.173007
140000	0.160911	0.13776	0.209452	0.283526	0.314041	0.328791	0.299574	0.331089	0.394759	0.67955	0.921939	0.949622	0.950844	0.952284	0.952035	0.952006	0.952781	0.951864	0.951111	0.945931	0.83542	0.624972	0.474586	0.393761	0.303455	0.221116	0.202965	0.220757	0.171153	0.171973
141000	0.159055	0.136949	0.207479	0.28141	0.311021	0.326683	0.296955	0.329382	0.392977	0.677965	0.922099	0.949689	0.951559	0.95273	0.952081	0.952037	0.953033	0.951853	0.951253	0.946033	0.834707	0.62452	0.471486	0.392341	0.300845	0.218382	0.201631	0.217912	0.168219	0.170761
142000	0.155886	0.135291	0.204981	0.278912	0.308983	0.325517	0.295008	0.32775	0.391538	0.676939	0.922198	0.950034	0.951863	0.952764	0.951766	0.952349	0.953028	0.951605	0.951607	0.946479	0.834875	0.622945	0.469786	0.390453	0.299145	0.215548	0.199694	0.216288	0.165631	0.168098
143000	0.15469	0.133864	0.201498	0.276386	0.30736	0.321549	0.292594	0.326557	0.390118	0.675421	0.921841	0.949901	0.951223	0.952659	0.952197	0.952704	0.952829	0.952108	0.950891	0.94643	0.833728	0.621018	0.46881	0.388484	0.296662	0.213334	0.197195	0.214683	0.163709	0.166241
144000	0.153473	0.131755	0.199301	0.275	0.305571	0.319136	0.289983	0.324332	0.387361	0.674093	0.921072	0.949509	0.951119	0.95257	0.951547	0.9523	0.952806	0.952018	0.951224	0.946281	0.833451	0.620653	0.467302	0.385943	0.293799	0.211484	0.19503	0.212994	0.162668	0.163264
145000	0.152192	0.12949	0.197047	0.273239	0.302842	0.317276	0.288689	0.321771	0.386207	0.67298	0.921908	0.95005	0.95108	0.952562	0.951959	0.952407	0.952729	0.951869	0.951423	0.946162	0.83339	0.619756	0.464399	0.384419	0.291979	0.208791	0.193806	0.211724	0.161767	0.160563
146000	0.151358	0.128447	0.195009	0.269714	0.301229	0.31441	0.285525	0.320067	0.38504	0.671741	0.921194	0.949612	0.95112	0.952807	0.952361	0.952012	0.953209	0.9523	0.951241	0.945656	0.833241	0.61895	0.462307	0.382175	0.289408	0.206371	0.191787	0.209669	0.160722	0.158569
147000	0.147817	0.127555	0.192716	0.268199	0.298628	0.312163	0.2836	0.318831	0.38378	0.670028	0.92126	0.949616	0.951314	0.95254	0.95191	0.952063	0.952922	0.952118	0.9514	0.945836	0.83214	0.617659	0.46042	0.379245	0.287484	0.203104	0.189825	0.207974	0.15839	0.157844
148000	0.146804	0.126432	0.190074	0.266488	0.297298	0.30946	0.280749	0.317601	0.382459	0.669103	0.921364	0.950046	0.951766	0.952691	0.951895	0.952376	0.952973	0.952081	0.950826	0.946125	0.831201	0.616452	0.457666	0.377466	0.286086	0.200658	0.187862	0.207161	0.157111	0.154982
149000	0.14548	0.124272	0.18871	0.263692	0.295227	0.30714	0.278843	0.316128	0.38055	0.667968	0.920821	0.949998	0.951208	0.952867	0.951487	0.952316	0.952785	0.951878	0.951185	0.946006	0.831399	0.615628	0.456572	0.37493	0.282572	0.198377	0.186584	0.204972	0.155411	0.153436
150000	0.144274	0.123365	0.186669	0.261369	0.293218	0.305968	0.27621	0.314288	0.378311	0.667109	0.920895	0.950116	0.951268	0.952916	0.952248	0.952646	0.952919	0.95221	0.950886	0.94573	0.83074	0.614164	0.454774	0.3725	0.280645	0.19545	0.185953	0.203624	0.154454	0.151005
151000	0.143436	0.122719	0.184247	0.258943	0.29098	0.304803	0.274429	0.312459	0.377168	0.665614	0.921052	0.950067	0.95138	0.952812	0.951896	0.952384	0.952769	0.952008	0.951388	0.945887	0.830445	0.61195	0.453384	0.3712	0.277562	0.193046	0.185345	0.202282	0.152025	0.148354
152000	0.142026	0.122493	0.182	0.256091	0.288931	0.301883	0.272391	0.311042	0.375293	0.66507	0.921064	0.949606	0.951535	0.952752	0.951934	0.95251	0.952676	0.95181	0.951367	0.946338	0.829813	0.610981	0.450379	0.369539	0.275141	0.190604	0.182744	0.20047	0.150574	0.146942
153000	0.140618	0.121256	0.180157	0.255158	0.287174	0.300128	0.269228	0.309538	0.373743	0.664038	0.920782	0.949357	0.951072	0.952256	0.951846	0.95228	0.952833	0.951431	0.951271	0.945962	0.828483	0.610604	0.448816	0.367758	0.272869	0.188809	0.182015	0.198271	0.150173	0.145523
154000	0.138582	0.119634	0.177266	0.252468	0.285545	0.298027	0.267866	0.307815	0.372551	0.66237	0.920347	0.95031	0.951318	0.952747	0.951702	0.952853	0.952746	0.952086	0.950991	0.945886	0.827859	0.608835	0.447866	0.364464	0.270147	0.18704	0.17964	0.196591	0.148623	0.14338
155000	0.138286	0.118714	0.175377	0.251456	0.281627	0.297114	0.265063	0.305853	0.370907	0.661051	0.92042	0.949218	0.951223	0.95262	0.952181	0.95238	0.953183	0.95197	0.950969	0.945855	0.82759	0.607812	0.445182	0.363403	0.267845	0.184882	0.177219	0.194723	0.14685	0.141587
156000	0.137427	0.11711	0.17423	0.249819	0.280645	0.295139	0.263097	0.304032	0.369722	0.659743	0.920592	0.949829	0.951202	0.952286	0.951399	0.95246	0.953019	0.951656	0.950639	0.945939	0.827033	0.606663	0.443709	0.361791	0.264375	0.183736	0.176204	0.19322	0.145081	0.13959
157000	0.135177	0.115475	0.173012	0.247587	0.278564	0.294257	0.260436	0.302483	0.367942	0.65816	0.920625	0.94928	0.951326	0.953241	0.951472	0.951971	0.952938	0.951979	0.951013	0.946061	0.826172	0.605123	0.441559	0.360072	0.263567	0.180956	0.17497	0.190754	0.143747	0.138715
158000	0.133914	0.114409	0.17082	0.245636	0.277152	0.291882	0.2588	0.300589	0.366967	0.656639	0.920276	0.949816	0.951418	0.952379	0.951522	0.952838	0.952676	0.951752	0.951275	0.945919	0.825354	0.603047	0.440969	0.35733	0.260981	0.179667	0.173034	0.189697	0.142242	0.136575
159000	0.132385	0.11342	0.168287	0.244912	0.274421	0.290127	0.257377	0.298836	0.364856	0.655573	0.919898	0.949909	0.951137	0.952023	0.952045	0.952026	0.952563	0.951948	0.951022	0.94591	0.824802	0.60219	0.438953	0.355356	0.257607	0.176904	0.171807	0.188429	0.141267	0.13524
160000	0.130996	0.112585	0.167136	0.242419	0.272562	0.287851	0.255992	0.297524	0.363277	0.654513	0.919605	0.949738	0.951773	0.952473	0.951584	0.952381	0.953013	0.951673	0.950896	0.94603	0.825198	0.600601	0.436245	0.35363	0.255021	0.175371	0.169942	0.186085	0.140627	0.133433
161000	0.129029	0.111635	0.165316	0.240381	0.270768	0.286501	0.253672	0.29509	0.362492	0.652932	0.919905	0.949658	0.95135	0.953131	0.951853	0.95234	0.95347	0.951564	0.951223	0.945765	0.823976	0.599007	0.43541	0.351698	0.253291	0.173742	0.167782	0.184805	0.139396	0.132961
162000	0.127799	0.110344	0.163427	0.237965	0.268939	0.284632	0.251819	0.29328	0.361091	0.651256	0.919724	0.949683	0.951271	0.952637	0.951671	0.952343	0.952955	0.951759	0.951659	0.946046	0.824068	0.59801	0.432769	0.35003	0.249786	0.171664	0.166242	0.183639	0.138004	0.13026
163000	0.125971	0.108986	0.162176	0.236049	0.266958	0.282997	0.249625	0.291328	0.359405	0.649772	0.91942	0.950041	0.950683	0.952242	0.951643	0.952042	0.952441	0.9523	0.951243	0.94582	0.823176	0.597279	0.431254	0.347843	0.247428	0.169937	0.165862	0.181341	0.136949	0.128845
164000	0.12629	0.107606	0.161158	0.233293	0.265013	0.281123	0.248371	0.289814	0.357889	0.648714	0.918968	0.949865	0.950838	0.952763	0.951814	0.952582	0.953272	0.95193	0.951328	0.945686	0.822354	0.595995	0.429334	0.346708	0.244264	0.168498	0.164259	0.18048	0.135145	0.126554
165000	0.124848	0.105669	0.159418	0.232249	0.263575	0.278421	0.246452	0.288708	0.356429	0.647889	0.919135	0.949613	0.951333	0.952441	0.952233	0.952034	0.952929	0.952102	0.951116	0.945926	0.821606	0.595637	0.427656	0.34401	0.242233	0.165702	0.162231	0.179537	0.133744	0.125078
166000	0.123666	0.105798	0.157125	0.229288	0.261375	0.278189	0.244809	0.286795	0.355381	0.647039	0.919132	0.949531	0.951405	0.952513	0.951809	0.9523	0.952511	0.951645	0.951204	0.945648	0.821506	0.594386	0.425994	0.34271	0.238993	0.164812	0.162453	0.17656	0.13287	0.123393
167000	0.122198	0.104332	0.155144	0.228572	0.260284	0.276368	0.242079	0.285077	0.353789	0.645181	0.919364	0.949736	0.951293	0.952939	0.951837	0.952395	0.952904	0.951875	0.950895	0.945767	0.820515	0.59366	0.423789	0.341662	0.23578	0.162403	0.159298	0.175848	0.131425	0.122626
168000	0.121985	0.103508	0.153011	0.226628	0.258655	0.274311	0.240899	0.283289	0.352808	0.643609	0.918927	0.95027	0.950927	0.952335	0.952034	0.952281	0.952915	0.952042	0.950742	0.945681	0.819758	0.592481	0.422316	0.339191	0.233715	0.161575	0.157319	0.173584	0.130354	0.12156
169000	0.120689	0.10241	0.151533	0.225236	0.256443	0.272516	0.238457	0.281353	0.350669	0.643453	0.91881	0.949916	0.951106	0.952185	0.951884	0.95185	0.952905	0.952011	0.951158	0.945632	0.819235	0.591933	0.420662	0.33796	0.230495	0.15948	0.156115	0.172162	0.129314	0.119699
170000	0.120328	0.101502	0.149841	0.22373	0.254813	0.271601	0.236976	0.281072	0.349415	0.642071	0.919018	0.949851	0.950831	0.952791	0.951623	0.952579	0.953271	0.952072	0.951041	0.945938	0.818562	0.590221	0.419062	0.335732	0.227782	0.157775	0.155296	0.170486	0.127296	0.11772
171000	0.119419	0.100474	0.148645	0.222307	0.253654	0.270135	0.235716	0.279744	0.34898	0.64086	0.918256	0.949943	0.951283	0.952785	0.951684	0.952158	0.952607	0.952113	0.951338	0.945971	0.818367	0.588367	0.418205	0.333588	0.225303	0.156037	0.15306	0.169788	0.126517	0.116977
172000	0.119153	0.0995036	0.146757	0.220707	0.251552	0.269806	0.233094	0.278599	0.347071	0.639325	0.918929	0.949475	0.951208	0.95251	0.951731	0.952198	0.952952	0.952459	0.951083	0.946159	0.817317	0.587668	0.416143	0.332563	0.222049	0.154376	0.151511	0.168728	0.125108	0.115417
173000	0.117603	0.0995831	0.146356	0.217955	0.250253	0.267404	0.232651	0.277004	0.344866	0.638481	0.918981	0.949496	0.950863	0.952425	0.951934	0.95195	0.952814	0.951544	0.951025	0.945942	0.816426	0.587203	0.414471	0.331048	0.220239	0.152813	0.150363	0.167518	0.123701	0.113644
174000	0.117447	0.0976268	0.145016	0.216569	0.24849	0.265696	0.229912	0.275535	0.34405	0.637326	0.91807	0.949988	0.95154	0.952659	0.95232	0.952496	0.953419	0.951721	0.950938	0.945949	0.815549	0.586607	0.412575	0.329314	0.217842	0.14979	0.148738	0.165446	0.122427	0.111985
175000	0.115642	0.097079	0.145199	0.21428	0.24727	0.264453	0.228674	0.273875	0.341962	0.636201	0.918036	0.949768	0.951046	0.952278	0.951483	0.951997	0.952663	0.951729	0.95072	0.945582	0.815766	0.584719	0.410991	0.327665	0.214914	0.149057	0.147035	0.165005	0.120427	0.110378
176000	0.115567	0.0955153	0.143812	0.212642	0.245741	0.262887	0.226129	0.273387	0.340869	0.634402	0.918435	0.950015	0.950914	0.952188	0.951739	0.952588	0.953252	0.952151	0.950891	0.945896	0.815001	0.583303	0.40948	0.327091	0.211528	0.147216	0.14653	0.163536	0.119776	0.108584
177000	0.114957	0.0943552	0.141447	0.211767	0.243612	0.261988	0.224594	0.272499	0.339975	0.633889	0.918462	0.949219	0.951167	0.952185	0.9519	0.952127	0.953023	0.951969	0.95126	0.945572	0.814696	0.582417	0.408534	0.325116	0.209158	0.145167	0.146318	0.16164	0.117876	0.107089
178000	0.114044	0.0949036	0.139968	0.209472	0.243423	0.25954	0.223291	0.270441	0.338693	0.631921	0.918849	0.949769	0.95129	0.952367	0.951667	0.952805	0.952949	0.951799	0.951249	0.946039	0.813667	0.581492	0.407713	0.323676	0.206585	0.142745	0.145853	0.160344	0.116883	0.105811
179000	0.112129	0.0944798	0.137573	0.20784	0.241697	0.258973	0.2212	0.268568	0.337425	0.631465	0.917851	0.949665	0.951298	0.952342	0.952332	0.951978	0.952825	0.951906	0.951446	0.945923	0.813507	0.580134	0.406727	0.321979	0.204676	0.140838	0.144556	0.158226	0.115838	0.104612
180000	0.111709	0.094209	0.135596	0.206162	0.24078	0.257239	0.220464	0.266502	0.335583	0.629864	0.918056	0.95001	0.951113	0.952214	0.951802	0.952709	0.953021	0.951626	0.951031	0.945555	0.813491	0.57906	0.40602	0.319934	0.202327	0.139721	0.143978	0.157161	0.114111	0.103355
181000	0.110808	0.0934783	0.133817	0.204897	0.240081	0.255647	0.217896	0.266363	0.334996	0.629318	0.918098	0.950013	0.951283	0.952456	0.95243	0.952539	0.95252	0.95181	0.951355	0.945206	0.812634	0.577973	0.404364	0.318258	0.20087	0.139046	0.141838	0.154957	0.112859	0.102735
182000	0.110058	0.0931664	0.131957	0.203577	0.239807	0.253634	0.215833	0.265473	0.33387	0.628577	0.918017	0.949745	0.951447	0.952482	0.951745	0.952181	0.953091	0.95154	0.950918	0.945542	0.812018	0.576644	0.403158	0.316755	0.197374	0.137238	0.139385	0.154396	0.110759	0.101909
183000	0.109057	0.0924084	0.130454	0.201193	0.238795	0.252185	0.214469	0.26433	0.332386	0.62723	0.917764	0.949958	0.950842	0.952477	0.952044	0.952107	0.952954	0.951487	0.951239	0.945815	0.811368	0.575004	0.401721	0.315434	0.195867	0.135495	0.13867	0.152826	0.111022	0.10021
184000	0.109006	0.0909874	0.128055	0.200093	0.237842	0.251192	0.212377	0.26277	0.331146	0.625882	0.917833	0.950252	0.950911	0.952364	0.951483	0.952657	0.95302	0.951464	0.951275	0.946224	0.810866	0.574361	0.399552	0.313748	0.194324	0.135001	0.137784	0.151179	0.109826	0.0983867
185000	0.109802	0.089006	0.126571	0.197792	0.238009	0.249861	0.210729	0.261784	0.330059	0.624517	0.917879	0.949655	0.951368	0.952293	0.95218	0.952187	0.952632	0.951757	0.951444	0.945412	0.810195	0.573611	0.399256	0.311543	0.191808	0.132947	0.136786	0.149606	0.10898	0.0973004
186000	0.10797	0.0879095	0.124946	0.196639	0.236046	0.248759	0.208376	0.260693	0.328444	0.623987	0.917348	0.950137	0.951285	0.952874	0.952134	0.952178	0.952713	0.951723	0.950892	0.94586	0.809552	0.571826	0.397305	0.310913	0.188203	0.131228	0.135955	0.148429	0.108062	0.0963971
187000	0.107694	0.0855823	0.123511	0.195616	0.234573	0.24778	0.206875	0.259043	0.326755	0.623074	0.917831	0.949145	0.951392	0.95197	0.95198	0.952639	0.953092	0.952097	0.95114	0.945901	0.808725	0.570396	0.396338	0.308998	0.186372	0.130691	0.135643	0.146244	0.107862	0.0955278
188000	0.106546	0.0861789	0.121566	0.194449	0.232483	0.247257	0.204302	0.258426	0.326723	0.621874	0.917766	0.949593	0.951141	0.952712	0.951488	0.951681	0.952647	0.951515	0.951501	0.945395	0.808834	0.568942	0.395465	0.306672	0.184508	0.128422	0.135216	0.144876	0.10682	0.0950626
189000	0.106431	0.0849569	0.120287	0.192289	0.231658	0.245732	0.204024	0.256457	0.326029	0.620806	0.917434	0.949634	0.950787	0.952483	0.952499	0.952127	0.95304	0.951845	0.951058	0.945015	0.807996	0.568443	0.394647	0.304864	0.181993	0.126177	0.132748	0.143272	0.106802	0.0939336
190000	0.105537	0.0838598	0.118311	0.191495	0.230273	0.244177	0.201796	0.255833	0.324664	0.619744	0.918382	0.949809	0.951242	0.952621	0.95229	0.952207	0.952903	0.951567	0.951218	0.945651	0.807567	0.56714	0.393209	0.302309	0.180371	0.124495	0.131816	0.141653	0.106087	0.093166
191000	0.104981	0.0841724	0.114996	0.190127	0.228984	0.2429	0.200527	0.254312	0.323051	0.618642	0.917832	0.949739	0.950711	0.952869	0.951631	0.95171	0.95334	0.951692	0.951354	0.945729	0.806491	0.567067	0.392473	0.302108	0.177737	0.121982	0.131517	0.140452	0.104931	0.0933001
192000	0.105661	0.0831888	0.113276	0.188563	0.227371	0.240624	0.199786	0.253222	0.321937	0.618149	0.917633	0.949732	0.951091	0.952496	0.9523	0.952889	0.952826	0.952126	0.951535	0.945638	0.806412	0.567409	0.390321	0.300273	0.174879	0.121396	0.129756	0.140315	0.104494	0.091299
193000	0.105303	0.0815689	0.112368	0.18711	0.226075	0.239348	0.197726	0.252532	0.321107	0.61638	0.917634	0.950216	0.951103	0.952795	0.951894	0.952016	0.952701	0.95198	0.950919	0.945365	0.805477	0.565802	0.389899	0.297188	0.172874	0.119711	0.127658	0.139679	0.1028	0.0893983
194000	0.103396	0.0800938	0.1098	0.186437	0.224077	0.238133	0.196205	0.250911	0.319696	0.615744	0.91795	0.949537	0.951303	0.952803	0.952344	0.951896	0.952855	0.951559	0.951364	0.945338	0.804639	0.564856	0.387275	0.295677	0.171066	0.117307	0.126674	0.138358	0.102011	0.0900786
195000	0.10303	0.0802289	0.107152	0.18672	0.22217	0.236409	0.194652	0.24916	0.318601	0.614009	0.917649	0.950237	0.950868	0.952425	0.952088	0.951905	0.952743	0.951601	0.951191	0.945473	0.804413	0.563612	0.38611	0.29444	0.168742	0.115179	0.125424	0.137069	0.101584	0.0887419
196000	0.103457	0.0785179	0.106238	0.18564	0.220808	0.234629	0.193661	0.247103	0.318201	0.612322	0.918354	0.950447	0.951324	0.952403	0.951789	0.952469	0.952715	0.952095	0.950787	0.945666	0.803181	0.563107	0.384998	0.291448	0.167081	0.113991	0.123895	0.136279	0.100289	0.086942
197000	0.102843	0.0782774	0.10324	0.184654	0.219956	0.233073	0.191716	0.246404	0.316305	0.61206	0.917685	0.949473	0.950926	0.95218	0.951863	0.952304	0.952945	0.95157	0.951178	0.945717	0.803043	0.561551	0.382983	0.290374	0.16333	0.111708	0.123243	0.135513	0.0986775	0.0863609
198000	0.102334	0.078787	0.101653	0.183921	0.218998	0.231613	0.191416	0.244985	0.314723	0.611066	0.917687	0.949929	0.951099	0.952446	0.952001	0.952461	0.953024	0.951913	0.950726	0.9455	0.802943	0.560226	0.382362	0.287729	0.161233	0.110601	0.121213	0.134649	0.0977111	0.0848635
199000	0.102183	0.0772316	0.0998	0.182182	0.21803	0.22886	0.189989	0.2434	0.314831	0.609902	0.917573	0.949794	0.950896	0.952125	0.951897	0.952581	0.952983	0.951785	0.951096	0.94564	0.802275	0.559368	0.380717	0.286095	0.158906	0.107357	0.12064	0.132645	0.0964397	0.0847915
200000	0.101647	0.0766453	0.0983845	0.181909	0.216794	0.227748	0.189491	0.242353	0.312869	0.607921	0.918157	0.949165	0.951526	0.952612	0.951931	0.951953	0.953182	0.951577	0.951007	0.945658	0.801827	0.558128	0.378989	0.284828	0.157243	0.104979	0.120078	0.131543	0.0957665	0.0832612
